1000 100
0.31 0.76
0.7 0.17
0.48 0.78
0.61 0.81
0.75 0.09
0.78 0.02
0.61 0.34
0.71 0.3
0.25 0.92
0.61 0.7
0.71 0.61
0.51 0.82
0.2 0.3
0.82 0.2
0.67 0.5
0.95 0.02
0.86 1.0
0.09 0.21
0.98 0.76
0.06 0.39
1.0 0.04
0.35 0.61
0.77 0.93
0.5 0.92
0.55 0.51
0.94 0.74
0.57 0.18
0.47 0.13
0.05 0.18
0.64 0.28
0.34 0.87
0.56 1.0
0.81 0.39
0.54 0.65
0.5 0.74
0.45 0.69
0.75 0.53
0.75 0.3
0.44 0.88
0.04 0.36
0.78 0.86
0.9 0.21
0.9 0.42
0.7 0.74
0.73 0.14
0.92 0.84
0.28 0.82
0.74 0.35
0.37 0.16
0.09 0.62
0.82 0.62
0.12 0.45
0.09 0.53
0.2 0.03
0.38 0.55
0.99 0.54
0.16 0.06
0.78 0.79
0.98 0.06
0.49 0.92
0.76 0.43
0.71 0.36
0.65 0.31
0.05 0.4
0.01 0.1
0.14 0.77
0.69 0.05
0.26 0.53
0.38 0.79
0.34 0.2
0.89 0.06
0.44 0.41
0.47 0.18
0.49 0.49
0.59 0.67
0.5 0.83
0.77 0.88
0.72 0.14
0.8 0.65
0.35 0.56
0.82 0.93
0.92 0.31
0.39 0.56
0.34 0.67
0.39 0.71
0.44 0.02
0.54 0.75
0.41 0.03
0.49 0.79
0.76 0.81
0.18 0.08
0.82 0.81
0.43 0.6
0.46 0.87
0.46 0.78
0.91 0.36
0.95 0.63
0.03 0.76
0.08 0.87
0.03 0.48
0.33 0.81
0.59 0.39
0.76 0.77
0.41 0.23
0.47 0.24
0.41 0.98
0.48 0.77
0.34 0.39
0.49 0.14
0.99 0.04
0.73 0.88
0.95 0.17
0.4 0.65
0.29 0.84
0.35 0.31
0.42 0.24
0.87 0.56
0.84 0.9
0.13 0.14
0.77 0.42
0.43 0.87
0.29 0.57
0.22 0.11
0.44 0.95
0.84 0.28
0.73 0.58
0.35 0.29
0.16 0.05
0.68 0.25
0.41 0.74
0.24 0.36
0.44 0.83
0.11 0.8
0.45 0.76
0.17 0.54
0.38 0.67
0.35 0.6
0.45 0.82
0.54 0.38
0.54 0.73
0.53 0.05
0.53 0.2
0.26 0.01
0.62 0.8
0.66 0.56
0.72 0.92
0.29 0.05
0.96 0.59
0.97 0.85
0.96 0.67
0.37 0.7
0.44 0.3
0.09 0.76
0.37 0.16
0.32 0.06
0.05 0.89
0.66 0.26
0.56 0.74
0.07 0.02
0.62 0.96
0.16 0.22
0.65 0.39
0.31 0.85
0.03 0.68
0.69 0.53
0.07 0.79
0.15 0.44
0.17 0.33
0.7 0.62
0.08 0.46
0.29 0.26
0.16 0.69
0.16 0.22
0.31 0.36
0.17 0.01
0.63 0.81
0.74 0.52
0.07 0.97
0.35 0.32
0.35 0.8
0.68 0.67
0.55 0.07
0.61 0.42
1.0 0.01
0.08 1.0
0.17 0.06
0.16 0.07
0.09 0.62
0.05 0.92
0.12 0.66
0.65 0.63
0.41 0.21
0.41 0.1
0.45 0.5
0.83 0.5
0.76 0.39
0.47 0.34
0.25 0.43
0.55 0.16
0.17 0.72
0.01 0.92
0.93 0.49
0.11 0.73
0.23 0.06
0.48 0.59
0.78 0.84
0.7 0.49
0.82 0.06
0.8 0.56
0.07 0.48
0.81 0.64
0.98 0.9
0.41 0.54
0.89 0.54
0.59 0.03
0.32 0.28
0.69 0.35
0.89 0.76
0.1 0.55
0.29 0.55
0.17 0.04
0.42 0.48
0.72 0.34
0.16 0.6
0.89 0.16
0.94 0.85
0.68 0.49
0.86 0.14
0.94 0.41
0.73 0.69
0.14 0.76
0.92 0.01
0.61 0.19
0.31 1.0
0.5 0.06
0.68 0.12
0.73 0.13
0.85 0.49
0.23 0.04
0.44 0.16
0.04 0.15
0.87 0.62
0.9 0.37
0.75 0.39
0.12 0.05
0.99 0.73
0.66 0.68
0.92 0.31
0.14 0.71
0.96 0.13
0.71 0.08
0.71 0.42
0.73 0.24
0.1 0.31
0.24 0.83
0.32 0.59
0.79 0.9
0.97 0.51
0.33 0.48
0.77 0.51
0.45 0.72
0.54 0.11
0.49 0.65
0.31 0.53
0.96 0.21
0.54 0.89
0.73 0.97
0.75 0.87
0.67 0.88
0.62 0.2
0.83 0.52
0.2 0.21
0.13 0.64
0.96 0.62
0.9 0.67
0.57 0.76
0.93 0.24
0.18 0.35
0.97 0.26
0.19 0.75
0.66 0.41
0.3 0.89
0.69 1.0
0.38 0.86
0.91 0.53
0.77 0.75
0.75 0.35
0.28 0.4
0.03 0.35
0.62 0.49
0.26 0.23
0.73 0.47
0.31 0.42
0.62 1.0
0.19 0.54
0.9 0.62
0.9 0.77
0.27 0.6
0.75 0.84
0.72 0.04
0.62 0.93
0.1 0.52
0.94 0.06
0.6 0.3
0.31 0.83
0.92 1.0
0.87 0.09
0.28 0.33
0.31 0.25
1.0 0.34
0.18 0.24
0.8 0.91
0.87 0.05
0.33 0.22
0.06 0.41
0.24 0.55
0.12 0.94
0.11 0.16
0.12 0.34
0.38 0.05
0.46 0.58
0.75 0.94
0.87 0.44
0.01 0.04
0.43 0.43
0.56 0.49
0.63 0.1
0.27 0.83
0.75 0.96
0.63 0.51
0.17 0.7
0.41 0.16
0.36 0.1
0.86 0.56
0.15 0.57
0.68 0.33
0.13 0.68
0.9 0.48
0.87 0.99
0.48 0.97
0.58 0.38
0.85 0.87
0.86 0.84
0.34 0.14
0.97 0.44
0.87 0.73
0.69 0.68
0.15 0.86
0.64 0.66
0.46 0.08
0.92 0.38
0.87 0.94
0.73 0.96
0.24 0.83
0.83 0.94
0.81 0.2
0.23 0.48
0.84 0.59
0.16 0.14
0.72 0.19
0.43 0.83
0.93 0.84
0.77 0.54
0.72 0.39
0.83 0.24
0.59 0.62
0.4 0.23
0.91 0.09
0.14 0.92
0.24 0.97
0.71 0.7
0.74 0.95
0.51 0.46
0.13 0.35
0.35 0.5
0.07 0.18
0.06 0.62
0.65 0.35
0.32 0.9
0.99 0.66
0.46 0.43
0.52 0.58
0.7 0.99
0.09 0.46
0.64 0.15
0.2 0.35
0.76 0.13
0.88 0.15
0.73 1.0
0.94 0.15
0.24 0.9
0.25 0.73
0.54 0.86
0.96 0.51
0.96 0.17
0.76 0.78
0.19 0.51
0.25 0.7
0.68 0.22
0.73 0.23
0.26 0.33
0.48 0.38
0.04 0.57
0.53 0.5
0.41 0.71
0.75 0.4
0.82 0.64
0.68 0.88
0.91 0.39
0.86 0.62
0.04 0.77
0.25 0.94
0.82 0.01
0.14 0.99
0.97 0.85
0.3 0.63
0.23 0.68
0.81 0.59
0.26 0.25
0.68 0.28
0.05 0.65
0.83 0.57
0.15 0.73
0.37 0.85
0.2 0.18
0.6 0.12
0.8 0.07
0.04 0.47
0.8 0.3
0.65 0.1
0.64 0.69
0.03 0.44
0.42 0.43
0.45 0.89
0.89 0.18
0.11 0.77
1.0 0.05
0.92 0.11
0.95 0.44
0.27 0.09
0.26 0.56
0.9 0.97
0.29 0.63
0.41 0.14
0.06 0.53
0.1 0.26
0.91 0.21
0.51 0.64
0.61 0.9
0.09 0.69
0.55 0.27
0.84 0.63
0.39 0.03
0.6 0.59
0.97 0.89
0.52 0.57
0.24 0.59
0.05 0.93
0.33 0.47
0.48 0.58
0.68 0.47
0.77 0.52
0.29 0.01
0.27 0.34
0.48 0.19
0.59 0.69
0.25 0.21
0.27 0.03
0.22 0.75
0.52 0.65
0.22 0.82
0.04 0.18
0.15 0.78
0.22 0.57
0.63 0.24
0.08 0.03
0.52 0.58
0.41 0.53
0.05 0.91
0.92 0.07
0.31 0.52
0.06 0.51
0.64 0.04
0.29 0.31
0.13 0.5
0.61 0.25
0.22 0.43
0.8 0.15
0.45 0.16
0.77 0.07
0.94 0.38
0.36 0.6
0.39 0.63
0.32 0.72
0.35 0.04
0.44 0.81
0.45 0.41
0.12 0.08
0.88 0.56
0.12 0.76
0.8 0.01
0.14 0.04
0.88 0.12
0.03 0.22
0.65 0.05
0.62 0.07
0.25 0.84
0.66 0.43
0.26 0.97
0.62 0.44
0.62 0.45
0.85 0.05
0.49 0.4
0.97 0.78
0.81 0.51
0.12 0.38
0.24 0.53
0.15 0.65
0.5 0.71
0.43 0.69
0.88 1.0
0.52 0.23
0.95 0.94
0.5 0.71
0.46 0.24
0.47 0.54
0.57 0.3
0.57 1.0
0.9 0.62
0.45 0.35
0.22 0.65
0.93 0.97
0.78 0.91
0.9 0.5
0.63 0.06
0.2 0.22
0.91 0.97
0.03 0.6
0.12 0.98
0.89 0.87
0.85 0.13
0.41 0.31
0.77 0.83
0.08 0.79
0.07 0.58
0.6 0.94
0.83 0.43
0.48 0.01
0.1 0.25
0.52 0.14
0.44 0.73
0.4 0.15
0.58 0.11
0.84 0.27
0.31 0.89
0.07 0.2
0.83 0.19
0.75 0.02
0.15 0.3
0.37 0.27
0.29 0.72
0.66 0.54
0.65 1.0
0.78 0.41
0.69 0.25
0.6 0.23
0.8 0.11
0.06 0.15
0.77 0.04
0.13 0.26
0.33 0.11
0.14 0.6
0.52 0.29
0.88 0.79
0.14 0.83
0.63 0.98
0.86 0.9
0.45 0.52
0.78 0.85
0.58 1.0
0.15 0.38
0.77 0.57
0.49 0.27
0.15 0.7
0.01 0.6
0.39 0.94
0.83 0.1
0.44 0.45
0.25 0.63
0.97 0.1
0.71 0.88
0.95 0.47
0.55 0.83
0.09 0.78
0.67 0.28
0.32 0.45
0.08 0.43
0.31 0.56
0.57 0.11
0.33 0.28
0.42 0.22
0.96 0.27
0.93 0.28
0.95 0.79
0.6 0.92
0.69 0.54
0.48 0.25
0.8 0.53
0.62 1.0
0.53 0.61
0.76 0.05
0.38 0.03
0.24 0.13
0.04 0.93
0.2 0.38
0.65 0.67
0.08 0.82
0.61 0.06
0.25 0.96
0.27 0.36
0.63 0.56
0.05 0.45
0.6 0.95
0.26 0.96
0.37 0.19
0.14 0.57
0.39 0.53
0.57 0.1
0.27 0.2
0.63 0.98
0.9 0.37
0.49 0.82
0.48 0.21
0.56 0.4
0.6 0.61
0.68 0.7
0.29 0.47
0.37 0.37
0.04 0.6
0.48 0.46
0.39 0.96
0.32 0.67
0.02 0.02
0.17 0.81
0.68 0.2
0.69 0.03
0.22 0.07
0.01 0.27
0.99 0.6
0.46 0.47
0.71 0.05
0.63 0.24
0.31 0.02
0.36 0.56
0.44 0.07
0.78 0.7
0.13 0.58
0.4 0.34
0.32 0.87
0.64 0.54
0.93 0.34
0.44 0.06
0.04 0.55
0.05 0.81
0.87 0.22
0.98 0.73
0.32 0.18
0.96 0.98
0.53 0.66
0.97 0.44
0.71 0.18
0.36 0.03
0.22 0.06
0.03 0.63
0.83 0.08
0.59 0.6
0.67 0.86
0.97 0.78
0.66 0.54
0.48 0.67
0.81 0.22
0.38 0.24
0.1 0.88
0.18 0.71
0.14 0.53
1.0 0.46
0.57 0.59
0.36 0.33
0.58 0.37
0.68 0.2
0.74 0.41
0.18 0.67
0.05 0.53
0.63 0.3
0.59 0.75
0.79 0.35
0.04 0.41
0.74 0.77
0.71 0.15
0.63 0.17
0.36 0.91
0.97 0.35
0.14 0.56
0.86 0.1
0.48 0.05
0.66 0.63
0.97 0.83
0.58 0.25
0.4 0.45
0.24 0.84
0.5 0.51
0.41 0.07
0.35 0.28
0.05 0.41
0.41 0.79
0.51 0.72
0.37 0.05
0.17 0.54
0.33 0.53
0.11 0.64
0.3 0.26
0.95 0.11
0.9 0.68
0.15 0.96
0.81 0.16
0.81 0.01
0.37 0.89
0.09 0.56
0.35 0.62
0.6 0.35
0.38 0.7
0.72 0.07
0.23 0.31
0.63 0.22
0.19 0.2
0.91 0.23
0.89 0.6
0.87 0.51
0.83 0.02
0.19 0.51
0.07 0.24
0.98 0.81
0.23 0.4
0.25 0.84
0.17 0.19
0.07 0.68
0.2 0.69
0.28 0.49
1.0 0.14
0.56 0.5
0.24 0.04
0.36 0.14
0.17 0.15
0.19 0.38
0.17 0.5
0.46 0.78
0.1 0.25
0.01 0.48
0.19 0.62
0.32 0.09
0.46 0.7
0.63 0.14
0.91 0.41
0.61 0.03
0.95 0.45
0.68 0.96
0.57 0.73
0.53 0.6
0.69 0.69
0.4 0.57
0.2 0.69
0.59 0.5
0.26 0.97
0.77 0.38
0.96 0.96
0.23 0.39
0.22 0.41
0.35 0.26
0.17 0.07
0.78 0.08
0.53 0.79
0.23 0.15
0.74 0.02
0.21 0.16
0.52 0.73
0.88 0.48
0.68 0.9
0.99 0.36
0.12 0.6
0.7 0.75
0.57 0.42
0.19 0.76
0.77 0.28
0.42 0.59
0.65 0.73
0.48 0.82
0.41 0.76
0.46 0.9
0.77 0.99
0.93 0.45
0.89 0.44
0.37 0.39
0.35 0.24
0.16 0.78
0.65 0.29
0.94 0.44
0.94 0.83
0.32 0.37
0.56 0.35
0.58 0.17
0.62 0.43
0.69 0.23
0.8 0.68
0.67 0.57
0.8 0.07
0.09 0.54
0.55 0.71
0.79 1.0
0.38 0.08
0.31 0.49
0.5 0.28
0.1 0.47
0.66 0.28
0.08 0.71
0.64 0.16
0.56 0.94
0.5 0.92
0.72 0.47
0.02 0.39
0.48 0.65
0.48 0.52
0.57 0.48
0.84 0.88
0.14 0.75
0.64 0.19
0.42 0.29
0.01 0.48
0.09 0.79
0.01 0.18
0.11 0.27
0.42 0.56
0.37 0.26
0.04 0.04
0.69 0.94
0.41 0.69
0.57 0.95
0.47 0.93
0.28 0.57
0.44 0.88
0.75 0.16
0.66 0.49
0.29 0.61
0.18 0.4
0.37 0.71
0.25 0.16
0.23 0.77
0.11 0.56
0.04 0.45
0.49 0.01
0.63 0.24
0.61 0.36
0.18 0.5
0.27 0.66
0.82 0.56
0.76 0.81
0.85 0.39
0.56 0.37
0.13 0.82
0.96 0.89
0.11 0.09
0.57 0.97
0.96 0.42
0.09 0.02
0.42 0.62
0.55 0.81
0.13 0.85
0.43 0.83
0.54 0.75
0.29 0.42
0.26 0.83
0.51 0.12
0.07 0.83
0.67 0.04
0.66 0.68
0.31 0.74
0.11 0.24
0.3 0.61
0.69 0.51
0.37 0.45
0.59 0.85
0.68 0.3
0.26 0.74
0.39 0.44
0.76 0.18
0.75 0.69
0.47 0.8
0.67 0.46
0.41 0.99
0.75 0.93
0.95 0.68
0.27 0.58
0.08 0.93
0.56 0.4
0.81 0.25
0.64 0.28
0.24 0.14
0.59 0.16
0.65 0.51
0.28 0.41
0.24 0.97
0.05 0.42
0.64 0.32
0.5 0.88
0.94 0.08
0.31 0.52
0.47 0.5
0.29 0.23
0.37 0.33
0.45 0.34
0.07 0.89
0.44 0.94
0.15 0.27
0.29 0.39
0.57 0.23
0.73 0.22
0.32 0.62
0.9 0.27
0.28 0.86
0.47 0.78
0.3 0.23
0.88 0.97
0.68 0.51
0.77 0.7
0.55 0.77
0.23 0.81
0.39 0.57
0.48 0.08
0.11 0.69
0.59 0.63
0.03 0.75
0.23 0.35
0.67 0.54
0.88 0.64
0.29 0.5
0.65 0.63
0.45 0.52
0.8 0.62
0.98 0.23
0.15 0.92
0.54 0.44
0.94 0.19
0.75 0.42
0.14 0.45
0.68 0.19
0.39 0.62
0.81 0.7
0.2 0.58
0.48 0.64
0.06 0.75
0.45 0.82
0.26 0.8
0.12 0.9
0.98 0.71
0.76 0.39
0.75 0.87
0.37 0.7
0.42 0.53
0.96 0.84
0.38 0.02
0.55 0.87
0.72 0.95
0.98 0.45
0.55 0.62
0.48 0.73
0.24 0.32
0.38 0.9
0.25 0.73
0.5 0.92
0.15 0.42
0.71 0.21
0.41 0.93
0.63 0.23
0.7 0.51
0.6 0.26
0.53 0.71
0.74 0.47
0.14 0.93
0.08 0.78
0.62 0.9
0.26 0.22
0.65 0.86
0.22 0.16
0.13 0.71
0.69 0.16
0.5 0.72
0.66 0.41
0.51 0.36
0.09 0.62
0.36 0.88
0.41 0.3
