100 10
0.31 0.76
0.7 0.17
0.48 0.78
0.61 0.81
0.75 0.09
0.78 0.02
0.61 0.34
0.71 0.3
0.25 0.92
0.61 0.7
0.71 0.61
0.51 0.82
0.2 0.3
0.82 0.2
0.67 0.5
0.95 0.02
0.86 1.0
0.09 0.21
0.98 0.76
0.06 0.39
1.0 0.04
0.35 0.61
0.77 0.93
0.5 0.92
0.55 0.51
0.94 0.74
0.57 0.18
0.47 0.13
0.05 0.18
0.64 0.28
0.34 0.87
0.56 1.0
0.81 0.39
0.54 0.65
0.5 0.74
0.45 0.69
0.75 0.53
0.75 0.3
0.44 0.88
0.04 0.36
0.78 0.86
0.9 0.21
0.9 0.42
0.7 0.74
0.73 0.14
0.92 0.84
0.28 0.82
0.74 0.35
0.37 0.16
0.09 0.62
0.82 0.62
0.12 0.45
0.09 0.53
0.2 0.03
0.38 0.55
0.99 0.54
0.16 0.06
0.78 0.79
0.98 0.06
0.49 0.92
0.76 0.43
0.71 0.36
0.65 0.31
0.05 0.4
0.01 0.1
0.14 0.77
0.69 0.05
0.26 0.53
0.38 0.79
0.34 0.2
0.89 0.06
0.44 0.41
0.47 0.18
0.49 0.49
0.59 0.67
0.5 0.83
0.77 0.88
0.72 0.14
0.8 0.65
0.35 0.56
0.82 0.93
0.92 0.31
0.39 0.56
0.34 0.67
0.39 0.71
0.44 0.02
0.54 0.75
0.41 0.03
0.49 0.79
0.76 0.81
0.18 0.08
0.82 0.81
0.43 0.6
0.46 0.87
0.46 0.78
0.91 0.36
0.95 0.63
0.03 0.76
0.08 0.87
0.03 0.48
