100 10
0.8 0.33
0.95 0.46
0.89 0.95
0.84 0.68
0.04 0.6
1.0 0.32
0.84 0.07
0.21 0.15
0.48 0.61
0.32 0.49
0.7 0.14
0.74 0.32
0.02 0.94
0.28 0.53
0.36 0.24
0.99 0.5
0.21 0.98
0.1 0.18
0.8 0.8
0.57 0.17
0.17 0.01
0.01 0.27
1.0 0.28
0.22 0.22
0.38 0.41
0.26 0.7
0.87 0.81
0.27 0.24
0.89 0.26
0.5 0.39
0.03 0.47
0.54 0.22
0.19 0.34
0.09 0.43
0.39 0.78
0.76 0.01
0.77 0.87
0.91 0.44
0.09 0.4
0.46 0.4
0.62 0.9
0.41 0.24
0.62 0.61
0.91 0.23
0.08 0.33
0.03 0.96
0.46 0.52
0.03 0.71
0.54 0.47
0.49 0.75
0.02 0.58
0.06 0.91
0.24 0.8
0.26 0.16
0.97 0.32
0.6 0.45
0.66 0.46
0.68 0.33
1.0 0.6
0.14 0.76
0.96 1.0
0.48 0.38
0.05 0.56
0.12 0.27
0.44 0.66
0.79 0.47
0.19 0.44
0.36 0.9
0.7 0.12
0.4 0.88
0.41 0.4
0.23 0.11
0.81 0.2
0.93 0.89
0.4 0.62
0.21 0.93
0.07 0.11
0.77 0.69
0.52 0.05
0.31 0.95
0.77 0.45
0.33 0.59
0.84 0.54
0.19 0.08
0.82 0.05
0.64 0.43
0.27 0.17
0.94 0.73
0.17 0.81
0.53 0.14
0.22 0.56
0.48 0.2
0.08 0.54
0.38 0.19
0.59 0.8
0.22 0.67
0.59 0.63
0.89 0.94
0.41 0.62
0.36 0.38
